$ln;Dev Levels;GameMap
0;Ninja Town:0,0,1:0,1,1:1,1,1:1,2,1:0,2,1:2,1,1:3,1,1:3,0,1
1;Wilderness:3,-1,1:4,-1,1:7,-2,1:8,-2,1
2;Settlement:5,-2,1:6,-2,1:6,-1,1:5,-1,1
3;Monster Town:9,-2,1:10,-2,1:10,-1,1:9,-1,1
[0,0,1]
0,0,0,0|||
[0,1,1]
-1,-1,0,0|||
[1,1,1]
0,-1,-1,0|||
[0,2,1]
-1,0,0,-1|||
[1,2,1]
0,0,-1,-1|||
[2,1,1]
0,0,0,0|||
[3,0,1]
0,-1,0,0|||
[3,1,1]
0,0,0,-1|||
[3,-1,1]
-1,0,0,0|||
[4,-1,1]
0,0,-1,0|||
[5,-2,1]
-1,-1,0,0|||
[6,-2,1]
0,-1,-1,0|||
[5,-1,1]
-1,0,0,-1|||
[6,-1,1]
0,0,-1,-1|||
[7,-2,1]
-1,0,0,0|||
[8,-2,1]
0,0,-1,0|||
[9,-2,1]
-1,-1,0,0|||
[10,-2,1]
0,-1,-1,0|||
[9,-1,1]
-1,0,0,-1|||
[10,-1,1]
0,0,-1,-1|||
